deckvol=89.6464646465
deck2vol=36.1948955916
crossfade=100.0
jingles_deckvol=86.5272459499
jingles_intervol=16.6421207658
stream_mon=0
tracks_played=0
pass_speed=10.0
prefs=0
server=1
jingles=0
prefspage=1
metadata_src=3
crosstype=0
hpane=0
vpane=0
treecols=230,1,1,1,150,1
flatcols=1,150,150,1,150,1,1,150,1
dbpage=0
interlude=
